126/12/201702003 000200001666    26/12/2017      21924,8133057013558519717575546100        0,00        0,00      19841,46 0,50         99,21        0,00         99,21  100000                  
127/12/201702003 000200001667    27/12/2017     128514,2033050268047819542305918100        0,00        0,00     103640,50 0,10        103,64        0,00        103,64  100000                  
127/12/201702003 000200001668    27/12/2017     241670,5433058481198219739136467100        0,00        0,00     194895,59 0,70       1364,27        0,00       1364,27  200000                  
127/12/201702003 000200001669    27/12/2017      79217,8933069017902019511913436100        0,00        0,00      71690,40 0,70        501,83        0,00        501,83  100000                  
127/12/201702003 000200001670    27/12/2017     235706,1833058481198219739136467100        0,00        0,00     190085,63 0,70       1330,60        0,00       1330,60  200000                  
127/12/201702003 000200001671    27/12/2017      24744,5033070847799710000000000100        0,00        0,00      20450,00 3,60        736,20        0,00        736,20  100000                  
128/12/201702003 000200001672    28/12/2017       7391,9933056998296719717405868100        0,00        0,00       6109,09 0,70         42,76        0,00         42,76  200000                  
128/12/201702003 000200001673    28/12/2017      15759,0533054039667819519122393100        0,00        0,00      13024,01 0,70         91,17        0,00         91,17  200000                  
131/12/201702003 000200001665    31/12/2017     465765,4433058481198219739136467100        0,00        0,00     375617,31 0,70       2629,32        0,00       2629,32  200000                  


